0 118
118 -282
-282 841
841 -1970
-1970 8206
24560 -30799
-30799 31925
31925 -32487
-32487 32648
32648 32766
32766 32529
32529 -32205
-32205 31083
31083 -28829
-28829 16353
-16353 28829
28829 -31083
-31083 32205
32205 -32529
-32529 -32766
-32766 -32766
-32766 -32766
-32766 -32766
-32766 -32766
-32766 -32766
-32766 -32766
-32766 -32766
-32766 -32766
-32766 -32766
-32766 -32766
-32766 -32766
-32766 -32766
-32766 -32766
-32766 -32766
-32766 -32766
-32766 -32529
-32529 32205
32205 -31083
-31083 28829
28829 -16353
16353 -29066
-29066 31647
31647 31647
31647 -29066
-29066 16353
-16353 29066
29066 -31647
-31647 -31647
-31647 29066
29066 -16353
16353 -29066
-29066 31647
31647 31647
31647 -29066
-29066 16353
-16353 28829
28829 -31083
-31083 32205
32205 -32529
-32529 -32766
-32766 -32766
-32766 -32766
-32766 -32766
-32766 -32766
-32766 -32766
-32766 -32529
-32529 32205
32205 -31083
-31083 28829
28829 -16353
16353 -29066
-29066 31647
31647 31647
31647 -29066
-29066 16353
-16353 28829
28829 -31083
-31083 32205
32205 -32529
-32529 -32766
-32766 -32529
-32529 32205
32205 -31083
-31083 28829
28829 -16353
16353 -28829
-28829 31083
31083 -32205
-32205 32529
32529 32766
32766 32529
32529 -32205
-32205 31083
31083 -28829
-28829 16353
-16353 29066
29066 -31647
-31647 -31647
-31647 29066
29066 -16353
16353 -29066
-29066 31647
31647 31647
31647 -29066
-29066 16353
-16353 29066
29066 -31647
-31647 -31647
-31647 29066
29066 -16353
16353 -29066
-29066 31647
31647 31647
31647 -29066
-29066 16353
-16353 28829
28829 -31083
-31083 32205
32205 -32529
-32529 -32766
-32766 -32529
-32529 32205
32205 -31083
-31083 28829
28829 -16353
16353 -29066
-29066 31647
31647 31647
31647 -29066
-29066 16353
-16353 29066
29066 -31647
-31647 -31647
-31647 29066
29066 -16353
16353 -29066
-29066 31647
31647 31647
31647 -29066
-29066 16353
-16353 28829
28829 -31083
-31083 32205
32205 -32529
-32529 -32766
-32766 -32766
-32766 -32766
-32766 -32766
-32766 -32766
-32766 -32766
-32766 -32529
-32529 32205
32205 -31083
-31083 28829
28829 -16353
16353 -28829
-28829 31083
31083 -32205
-32205 32529
32529 32766
32766 32529
32529 -32205
-32205 31083
31083 -28829
-28829 16353
-16353 29066
29066 -31647
-31647 -31647
-31647 29066
29066 -16353
16353 -29066
-29066 31647
31647 31647
31647 -29066
-29066 16353
-16353 28829
28829 -31083
-31083 32205
32205 -32529
-32529 -32766
-32766 -32766
-32766 -32766
-32766 -32766
-32766 -32766
-32766 -32766
-32766 -32529
-32529 32205
32205 -31083
-31083 28829
28829 -16353
16353 -28829
-28829 31083
31083 -32205
-32205 32529
32529 32766
32766 32766
32766 32766
32766 32766
32766 32766
32766 32766
32766 32529
32529 -32205
-32205 31083
31083 -28829
-28829 16353
-16353 28829
28829 -31083
-31083 32205
32205 -32529
-32529 -32766
-32766 -32529
-32529 32205
32205 -31083
-31083 28829
28829 -16353
16353 -28829
-28829 31083
31083 -32205
-32205 32529
32529 32766
32766 32529
32529 -32205
-32205 31083
31083 -28829
-28829 16353
-16353 29066
29066 -31647
-31647 -31647
-31647 29066
29066 -16353
16353 -29066
-29066 31647
31647 31647
31647 -29066
-29066 16353
-16353 29066
29066 -31647
-31647 -31647
-31647 29066
29066 -16353
16353 -28829
-28829 31083
31083 -32205
-32205 32529
32529 32766
32766 32529
32529 -32205
-32205 31083
31083 -28829
-28829 16353
-16353 29066
29066 -31647
-31647 -31647
-31647 29066
29066 -16353
16353 -29066
-29066 31647
31647 31647
31647 -29066
-29066 16353
-16353 28829
28829 -31083
-31083 32205
32205 -32529
-32529 -32766
-32766 -32766
-32766 -32766
-32766 -32766
-32766 -32766
-32766 -32766
-32766 -32766
-32766 -32766
-32766 -32766
-32766 -32766
-32766 -32766
-32766 -32766
-32766 -32766
-32766 -32766
-32766 -32766
-32766 -32766
-32766 -32766
-32766 -32766
-32766 -32766
-32766 -32766
-32766 -32766
-32766 -32766
-32766 -32766
-32766 -32766
-32766 -32766
-32766 -32766
-32766 -32529
-32529 32205
32205 -31083
-31083 28829
28829 -16353
16353 -29066
-29066 31647
31647 31647
31647 -29066
-29066 16353
-16353 29066
29066 -31647
-31647 -31647
-31647 29066
29066 -16353
16353 -29066
-29066 31647
31647 31647
31647 -29066
-29066 16353
-16353 29066
29066 -31647
-31647 -31647
-31647 29066
29066 -16353
16353 -28829
-28829 31083
31083 -32205
-32205 32529
32529 32766
32766 32529
32529 -32205
-32205 31083
31083 -28829
-28829 16353
-16353 28829
28829 -31083
-31083 32205
32205 -32529
-32529 -32766
-32766 -32766
-32766 -32766
-32766 -32766
-32766 -32766
-32766 -32766
-32766 -32529
-32529 32205
32205 -31083
-31083 28829
28829 -16353
16353 -29066
-29066 31647
31647 31647
31647 -29066
-29066 16353
-16353 29066
29066 -31647
-31647 -31647
-31647 29066
29066 -16353
16353 -28829
-28829 31083
31083 -32205
-32205 32529
32529 32766
32766 32529
32529 -32205
-32205 31083
31083 -28829
-28829 16353
-16353 29066
29066 -31647
-31647 -31647
-31647 29066
29066 -16353
16353 -29066
-29066 31647
31647 31647
31647 -29066
-29066 16353
-16353 28829
28829 -31083
-31083 32205
32205 -32529
-32529 -32766
-32766 -32529
-32529 32205
32205 -31083
-31083 28829
28829 -16353
16353 -28829
-28829 31083
31083 -32205
-32205 32529
32529 32766
32766 32529
32529 -32205
-32205 31083
31083 -28829
-28829 16353
-16353 28829
28829 -31083
-31083 32205
32205 -32529
-32529 -32766
-32766 -32766
-32766 -32766
-32766 -32766
-32766 -32766
-32766 -32766
-32766 -32766
-32766 -32766
-32766 -32766
-32766 -32766
-32766 -32766
-32766 -32766
-32766 -32766
-32766 -32766
-32766 -32766
-32766 -32766
-32766 -32529
-32529 32205
32205 -31083
-31083 28829
28829 -16353
16353 -28829
-28829 31083
31083 -32205
-32205 32529
32529 32766
32766 32766
32766 32766
32766 32766
32766 32766
32766 32766
32766 32766
32766 32766
32766 32766
32766 32766
32766 32766
32766 32766
32766 32766
32766 32766
32766 32766
32766 32766
32766 32529
32529 -32205
-32205 31083
31083 -28829
-28829 16353
-16353 29066
29066 -31647
-31647 -31647
-31647 29066
29066 -16353
16353 -29066
-29066 31647
31647 31647
31647 -29066
-29066 16353
-16353 29066
29066 -31647
-31647 -31647
-31647 29066
29066 -16353
16353 -28829
-28829 31083
31083 -32205
-32205 32529
32529 32766
32766 32766
32766 32766
32766 32766
32766 32766
32766 32766
32766 32529
32529 -32205
-32205 31083
31083 -28829
-28829 16353
-16353 28829
28829 -31083
-31083 32205
32205 -32529
-32529 -32766
-32766 -32766
-32766 -32766
-32766 -32766
-32766 -32766
-32766 -32766
-32766 -32529
-32529 32205
32205 -31083
-31083 28829
28829 -16353
16353 -28829
-28829 31083
31083 -32205
-32205 32529
32529 32766
32766 32766
32766 32766
32766 32766
32766 32766
32766 32766
32766 32529
32529 -32205
-32205 31083
31083 -28829
-28829 16353
